#East (m) North (m)
0.000000e+00 0.000000e+00
-2.763072e+01 -2.038846e+01
-7.191619e+01 -5.067707e+01
-1.018866e+02 -8.061237e+01
-1.480007e+02 -1.160865e+02
-1.844041e+02 -1.520390e+02
-2.168601e+02 -1.722255e+02
-2.410303e+02 -1.874987e+02
-2.625101e+02 -1.951043e+02
-2.839255e+02 -2.026871e+02
-3.097077e+02 -2.121335e+02
-3.315914e+02 -2.281038e+02
-3.407600e+02 -2.467575e+02
-3.496872e+02 -2.698798e+02
-3.611797e+02 -2.927904e+02
-3.697794e+02 -3.191023e+02
-3.782883e+02 -3.451365e+02
-3.832733e+02 -3.700122e+02
-3.883303e+02 -3.920107e+02
-3.874365e+02 -4.112041e+02
-3.820233e+02 -4.354121e+02
-3.711401e+02 -4.491339e+02
-3.548325e+02 -4.508381e+02
-3.294098e+02 -4.448376e+02
-3.117390e+02 -4.353863e+02
-2.946676e+02 -4.327978e+02
-2.748224e+02 -4.379526e+02
-2.530489e+02 -4.567775e+02
-2.451478e+02 -4.695309e+02
-2.372090e+02 -4.872731e+02
-2.301378e+02 -5.073900e+02
-2.289644e+02 -5.306485e+02
-2.286733e+02 -5.512233e+02
-2.283963e+02 -5.708072e+02
-2.255343e+02 -5.974691e+02
-2.219326e+02 -6.198538e+02
-2.184231e+02 -6.372910e+02
-2.058741e+02 -6.616373e+02
-1.914862e+02 -6.729082e+02
-1.819441e+02 -6.793841e+02
-1.739081e+02 -6.851069e+02
-1.679933e+02 -6.929262e+02
-1.606584e+02 -7.027930e+02
-1.532972e+02 -7.174188e+02
-1.502733e+02 -7.291079e+02
-1.478841e+02 -7.460570e+02
-1.489910e+02 -7.614030e+02
-1.534099e+02 -7.804224e+02
-1.557791e+02 -7.965293e+02
-1.607876e+02 -8.123767e+02
-1.513501e+02 -8.334849e+02
-1.482400e+02 -8.617767e+02
-1.462851e+02 -8.847004e+02
-1.406311e+02 -9.007245e+02
-1.302080e+02 -9.183327e+02
-1.192027e+02 -9.344864e+02
-1.066734e+02 -9.484591e+02
-9.105836e+01 -9.602425e+02
-7.659944e+01 -9.673566e+02
-6.503948e+01 -9.595835e+02
-5.125351e+01 -9.576246e+02
-4.893283e+01 -9.576238e+02
-4.661215e+01 -9.576231e+02
-4.429148e+01 -9.576223e+02
-4.255097e+01 -9.576217e+02
-3.965012e+01 -9.576208e+02
-3.674928e+01 -9.576198e+02
-3.500877e+01 -9.576192e+02
-3.156004e+01 -9.569656e+02
-2.923841e+01 -9.569648e+02
-2.688641e+01 -9.576165e+02
-2.395641e+01 -9.582675e+02
-2.097300e+01 -9.602192e+02
-1.915394e+01 -9.621665e+02
-1.733934e+01 -9.641090e+02
-1.552919e+01 -9.660467e+02
-1.367393e+01 -9.692661e+02
-1.244937e+01 -9.711914e+02
-1.175448e+01 -9.743903e+02
-1.161150e+01 -9.782120e+02
-1.094486e+01 -9.807493e+02
-9.138789e+00 -9.832781e+02
-7.908422e+00 -9.857989e+02
-7.185459e+00 -9.901912e+02
-7.098364e+00 -9.926901e+02
-6.423675e+00 -9.958022e+02
-6.359478e+00 -9.976637e+02
-6.817230e+00 -1.000756e+03
-7.836428e+00 -1.003837e+03
-8.311441e+00 -1.006292e+03
-1.044655e+01 -1.009351e+03
-1.147610e+01 -1.011789e+03
-1.250238e+01 -1.014220e+03
-1.352542e+01 -1.016642e+03
-1.454522e+01 -1.019058e+03
-1.558649e+01 -1.020864e+03
-1.599442e+01 -1.024463e+03
-1.756000e+01 -1.026854e+03
-1.803820e+01 -1.028642e+03
-1.901707e+01 -1.031612e+03
-1.999211e+01 -1.034571e+03
-1.986141e+01 -1.037518e+03
-2.030733e+01 -1.039868e+03
-2.017647e+01 -1.042794e+03
-2.004611e+01 -1.045709e+03
-1.991627e+01 -1.048612e+03
-1.978692e+01 -1.051505e+03
-1.968381e+01 -1.053811e+03
-1.950412e+01 -1.057829e+03
-1.940187e+01 -1.060116e+03
-2.035785e+01 -1.062964e+03
-2.022890e+01 -1.065802e+03
-2.012610e+01 -1.068064e+03
-2.002360e+01 -1.070319e+03
-1.989593e+01 -1.073128e+03
-1.979414e+01 -1.075368e+03
-1.966733e+01 -1.078158e+03
-1.954101e+01 -1.080937e+03
-1.941517e+01 -1.083706e+03
-1.928980e+01 -1.086465e+03
-1.916490e+01 -1.089213e+03
-1.800276e+01 -1.091404e+03
-1.788070e+01 -1.094134e+03
-1.725389e+01 -1.096310e+03
-1.610026e+01 -1.098479e+03
-1.495008e+01 -1.100642e+03
-1.382605e+01 -1.102260e+03
-1.165108e+01 -1.103874e+03
-9.502025e+00 -1.104948e+03
-8.387418e+00 -1.106556e+03
-7.255123e+00 -1.108695e+03
-5.135887e+00 -1.109228e+03
-2.999649e+00 -1.110294e+03
-1.372619e+00 -1.111890e+03
2.334640e-01 -1.112952e+03
2.343645e+00 -1.113482e+03
4.436498e+00 -1.113481e+03
6.529349e+00 -1.113481e+03
8.622199e+00 -1.113480e+03
1.074192e+01 -1.114539e+03
1.283323e+01 -1.114539e+03
1.493640e+01 -1.115068e+03
1.756046e+01 -1.115596e+03
1.915869e+01 -1.117180e+03
2.075338e+01 -1.118761e+03
2.233544e+01 -1.119813e+03
2.444400e+01 -1.121388e+03
2.603588e+01 -1.123483e+03
2.658550e+01 -1.125572e+03
2.765154e+01 -1.127655e+03
2.819718e+01 -1.129732e+03
4.115631e+01 -1.145744e+03
5.502131e+01 -1.157489e+03
7.077543e+01 -1.166504e+03
8.802223e+01 -1.174783e+03
1.076831e+02 -1.178571e+03
1.303075e+02 -1.187345e+03
1.448217e+02 -1.197257e+03
1.591811e+02 -1.208258e+03
1.684561e+02 -1.225659e+03
1.703197e+02 -1.237432e+03
1.700563e+02 -1.253612e+03
1.724579e+02 -1.267766e+03
1.726561e+02 -1.280001e+03
1.749991e+02 -1.294200e+03
1.799312e+02 -1.309715e+03
1.862915e+02 -1.322304e+03
1.940764e+02 -1.331601e+03
2.032785e+02 -1.343809e+03
2.168818e+02 -1.355310e+03
2.298922e+02 -1.361233e+03
2.398282e+02 -1.365643e+03
2.513979e+02 -1.365151e+03
2.575569e+02 -1.362208e+03
2.668197e+02 -1.358265e+03
2.771773e+02 -1.353802e+03
2.870939e+02 -1.349310e+03
2.959893e+02 -1.352802e+03
3.058906e+02 -1.355780e+03
3.155365e+02 -1.361208e+03
3.245140e+02 -1.367571e+03
3.359048e+02 -1.373873e+03
3.458587e+02 -1.378682e+03
3.501825e+02 -1.384410e+03
3.539744e+02 -1.394321e+03
3.605265e+02 -1.405009e+03
3.644981e+02 -1.415984e+03
3.710399e+02 -1.434098e+03
3.736953e+02 -1.454694e+03
3.727202e+02 -1.474789e+03
3.764023e+02 -1.489708e+03
3.842948e+02 -1.497729e+03
3.975221e+02 -1.504350e+03
4.093033e+02 -1.512225e+03
4.169244e+02 -1.520024e+03
4.199627e+02 -1.527108e+03
4.234745e+02 -1.538563e+03
4.241928e+02 -1.549231e+03
4.239751e+02 -1.562209e+03
4.215302e+02 -1.574973e+03
4.181062e+02 -1.586934e+03
4.135105e+02 -1.595784e+03
4.117859e+02 -1.603949e+03
4.127613e+02 -1.616032e+03
4.189053e+02 -1.625671e+03
4.254190e+02 -1.635740e+03
4.334399e+02 -1.645673e+03
4.405900e+02 -1.650588e+03
4.419959e+02 -1.651676e+03
4.432146e+02 -1.653847e+03
4.522551e+02 -1.656550e+03
4.600043e+02 -1.651671e+03
4.695030e+02 -1.646211e+03
4.778999e+02 -1.641262e+03
4.881635e+02 -1.637943e+03
4.994307e+02 -1.635164e+03
5.096380e+02 -1.635787e+03
5.174843e+02 -1.639524e+03
5.219169e+02 -1.645111e+03
5.260307e+02 -1.654363e+03
5.298101e+02 -1.667194e+03
5.283139e+02 -1.685282e+03
5.264156e+02 -1.698665e+03
5.216750e+02 -1.708380e+03
5.154051e+02 -1.718014e+03
5.111347e+02 -1.732742e+03
5.102794e+02 -1.743876e+03
5.109110e+02 -1.755743e+03
5.146729e+02 -1.766650e+03
5.166024e+02 -1.780754e+03
5.233320e+02 -1.791417e+03
5.313648e+02 -1.803593e+03
5.379543e+02 -1.814037e+03
5.472425e+02 -1.826755e+03
5.495839e+02 -1.840886e+03
5.490216e+02 -1.854065e+03
5.528649e+02 -1.867081e+03
5.610214e+02 -1.873150e+03
5.690626e+02 -1.873148e+03
5.756417e+02 -1.873147e+03
5.850332e+02 -1.867835e+03
5.955707e+02 -1.865549e+03
6.035754e+02 -1.860199e+03
6.120610e+02 -1.857129e+03
6.207756e+02 -1.852507e+03
6.305834e+02 -1.850961e+03
6.381877e+02 -1.849413e+03
6.496149e+02 -1.847087e+03
6.572921e+02 -1.850183e+03
6.653299e+02 -1.855580e+03
6.717364e+02 -1.861715e+03
6.750535e+02 -1.868576e+03
6.745777e+02 -1.876149e+03
6.739941e+02 -1.888898e+03
6.726850e+02 -1.897066e+03
6.672988e+02 -1.903703e+03
6.603971e+02 -1.911027e+03
6.543092e+02 -1.922639e+03
6.460522e+02 -1.934836e+03
6.366880e+02 -1.945479e+03
6.228145e+02 -1.958802e+03
6.124708e+02 -1.967819e+03
5.989207e+02 -1.975387e+03
5.809840e+02 -1.985616e+03
5.662959e+02 -1.986975e+03
5.526466e+02 -1.991707e+03
5.463241e+02 -2.012388e+03
5.420233e+02 -2.027457e+03
5.483389e+02 -2.044214e+03
5.666572e+02 -2.063762e+03
5.690196e+02 -2.069428e+03
5.734731e+02 -2.072818e+03
5.768324e+02 -2.076200e+03
5.802172e+02 -2.080698e+03
5.846116e+02 -2.082942e+03
5.889701e+02 -2.084062e+03
5.933535e+02 -2.086301e+03
5.977570e+02 -2.089654e+03
6.021262e+02 -2.091885e+03
6.065124e+02 -2.095226e+03
6.098342e+02 -2.099670e+03
6.131258e+02 -2.102995e+03
6.153561e+02 -2.107417e+03
6.186337e+02 -2.110725e+03
6.229586e+02 -2.112926e+03
6.262381e+02 -2.117319e+03
6.294936e+02 -2.120606e+03
6.316741e+02 -2.123886e+03
6.349426e+02 -2.129337e+03
6.360461e+02 -2.132599e+03
6.382345e+02 -2.138020e+03
6.393426e+02 -2.142343e+03
6.394098e+02 -2.148805e+03
6.405124e+02 -2.153098e+03
6.405339e+02 -2.155240e+03
6.437633e+02 -2.161647e+03
6.459087e+02 -2.165904e+03
6.480562e+02 -2.171208e+03
6.491310e+02 -2.174382e+03
6.512739e+02 -2.180709e+03
6.523485e+02 -2.184913e+03
6.534263e+02 -2.190151e+03
6.545004e+02 -2.195372e+03
6.545235e+02 -2.199535e+03
6.576679e+02 -2.203686e+03
6.597645e+02 -2.207826e+03
6.618554e+02 -2.211955e+03
6.639381e+02 -2.215044e+03
6.660182e+02 -2.219153e+03
6.691256e+02 -2.222227e+03
6.701607e+02 -2.225295e+03
6.732568e+02 -2.229376e+03
6.753142e+02 -2.233445e+03
6.773661e+02 -2.237504e+03
6.814740e+02 -2.239528e+03
6.845444e+02 -2.242561e+03
6.865722e+02 -2.247601e+03
6.906664e+02 -2.248606e+03
6.947500e+02 -2.250616e+03
6.988279e+02 -2.252623e+03
7.018671e+02 -2.255628e+03
7.059334e+02 -2.257628e+03
7.099941e+02 -2.259626e+03
7.140638e+02 -2.260623e+03
7.181467e+02 -2.260622e+03
7.222295e+02 -2.260621e+03
7.263310e+02 -2.259623e+03
7.304554e+02 -2.257624e+03
7.315180e+02 -2.255623e+03
7.357172e+02 -2.250609e+03
7.378561e+02 -2.246586e+03
7.389508e+02 -2.243561e+03
7.410992e+02 -2.239518e+03
7.442580e+02 -2.236479e+03
7.463931e+02 -2.233433e+03
7.496174e+02 -2.228343e+03
7.538015e+02 -2.226302e+03
7.569874e+02 -2.223235e+03
7.601799e+02 -2.220162e+03
7.644147e+02 -2.217083e+03
7.686918e+02 -2.212967e+03
7.729107e+02 -2.210905e+03
7.771353e+02 -2.208840e+03
7.813278e+02 -2.207806e+03
7.854838e+02 -2.207805e+03
7.906789e+02 -2.207804e+03
7.960029e+02 -2.204699e+03
8.002522e+02 -2.202625e+03
8.045074e+02 -2.200549e+03
8.087210e+02 -2.199509e+03
8.129865e+02 -2.197428e+03
8.171569e+02 -2.197428e+03
8.223698e+02 -2.197427e+03
8.265402e+02 -2.197426e+03
8.307106e+02 -2.197425e+03
8.348810e+02 -2.197425e+03
8.390514e+02 -2.197424e+03
8.411954e+02 -2.196383e+03
8.454274e+02 -2.195340e+03
8.507061e+02 -2.194297e+03
8.559245e+02 -2.194296e+03
8.611429e+02 -2.194295e+03
8.653177e+02 -2.194294e+03
8.694924e+02 -2.194294e+03
8.757545e+02 -2.194293e+03
8.809729e+02 -2.194292e+03
8.851476e+02 -2.194291e+03
8.903660e+02 -2.194291e+03
8.956621e+02 -2.193246e+03
9.008824e+02 -2.193246e+03
9.051395e+02 -2.192201e+03
9.094822e+02 -2.190110e+03
9.137468e+02 -2.189063e+03
9.181857e+02 -2.185919e+03
9.214992e+02 -2.183820e+03
9.269134e+02 -2.181717e+03
9.303277e+02 -2.178558e+03
9.347994e+02 -2.175392e+03
9.383222e+02 -2.171161e+03
9.438660e+02 -2.167980e+03
9.462597e+02 -2.164793e+03
9.507685e+02 -2.161598e+03
9.531744e+02 -2.158397e+03
9.567429e+02 -2.154119e+03
9.592622e+02 -2.149828e+03
9.616865e+02 -2.146603e+03
9.632601e+02 -2.141212e+03
9.657993e+02 -2.136885e+03
9.683457e+02 -2.132546e+03
9.698327e+02 -2.128195e+03
9.713240e+02 -2.123832e+03
9.738890e+02 -2.119456e+03
9.775325e+02 -2.115067e+03
9.789316e+02 -2.111768e+03
9.825914e+02 -2.107358e+03
9.862616e+02 -2.102935e+03
9.907908e+02 -2.100718e+03
9.934030e+02 -2.096277e+03
9.978303e+02 -2.095164e+03
1.002261e+03 -2.094050e+03
1.007653e+03 -2.094049e+03
1.013045e+03 -2.094048e+03
1.017482e+03 -2.092934e+03
1.021923e+03 -2.091819e+03
1.026367e+03 -2.090703e+03
1.030814e+03 -2.089586e+03
1.035395e+03 -2.087350e+03
1.040114e+03 -2.083991e+03
1.043627e+03 -2.081747e+03
1.048364e+03 -2.078376e+03
1.051078e+03 -2.073870e+03
1.054748e+03 -2.070482e+03
1.057757e+03 -2.063684e+03
1.060498e+03 -2.059136e+03
1.062012e+03 -2.055716e+03
1.062721e+03 -2.050000e+03
1.063432e+03 -2.044264e+03
1.064146e+03 -2.038506e+03
1.065007e+03 -2.031569e+03
1.065871e+03 -2.024602e+03
1.066738e+03 -2.017604e+03
1.066357e+03 -2.011750e+03
1.067376e+03 -2.003516e+03
1.067814e+03 -1.999975e+03
1.067579e+03 -1.992868e+03
1.068165e+03 -1.988113e+03
1.068901e+03 -1.982149e+03
1.069787e+03 -1.974963e+03
1.070677e+03 -1.967745e+03
1.071422e+03 -1.961706e+03
1.072020e+03 -1.956858e+03
1.072469e+03 -1.953212e+03
1.073522e+03 -1.944674e+03
1.073145e+03 -1.938548e+03
1.072616e+03 -1.933631e+03
1.072085e+03 -1.928699e+03
1.072690e+03 -1.923752e+03
1.072158e+03 -1.918790e+03
1.072917e+03 -1.912566e+03
1.073373e+03 -1.908821e+03
1.074137e+03 -1.902559e+03
1.075742e+03 -1.898791e+03
1.078809e+03 -1.892491e+03
1.079587e+03 -1.886167e+03
1.080211e+03 -1.881091e+03
1.079683e+03 -1.875999e+03
1.079310e+03 -1.869613e+03
1.078779e+03 -1.864486e+03
1.077243e+03 -1.858055e+03
1.077869e+03 -1.852892e+03
1.078812e+03 -1.845118e+03
1.080609e+03 -1.839915e+03
1.083580e+03 -1.834696e+03
1.085391e+03 -1.829461e+03
1.089550e+03 -1.824209e+03
1.093558e+03 -1.820260e+03
1.097742e+03 -1.814979e+03
1.102779e+03 -1.812332e+03
1.106647e+03 -1.809682e+03
1.111871e+03 -1.805698e+03
1.115753e+03 -1.803037e+03
1.120822e+03 -1.800371e+03
1.128081e+03 -1.799036e+03
1.131623e+03 -1.799036e+03
1.137162e+03 -1.801702e+03
1.140150e+03 -1.805694e+03
1.144493e+03 -1.808350e+03
1.146292e+03 -1.812327e+03
1.150435e+03 -1.816294e+03
1.154757e+03 -1.818933e+03
1.157710e+03 -1.822885e+03
1.158314e+03 -1.826828e+03
1.158916e+03 -1.830761e+03
1.183317e+03 -1.872309e+03
1.215643e+03 -1.921023e+03
1.241891e+03 -1.956350e+03
1.270399e+03 -2.001421e+03
1.291273e+03 -2.041041e+03
1.301632e+03 -2.071259e+03
1.315319e+03 -2.091119e+03
1.307880e+03 -2.114939e+03
1.304721e+03 -2.121884e+03
1.301869e+03 -2.126037e+03
1.301131e+03 -2.132938e+03
1.301739e+03 -2.138438e+03
1.304885e+03 -2.142551e+03
1.310865e+03 -2.142551e+03
1.316845e+03 -2.142550e+03
1.320898e+03 -2.138436e+03
1.324803e+03 -2.135687e+03
1.329755e+03 -2.134311e+03
1.334551e+03 -2.134311e+03
1.339021e+03 -2.137060e+03
1.342124e+03 -2.141177e+03
1.345220e+03 -2.145284e+03
1.347114e+03 -2.149381e+03
1.350030e+03 -2.154829e+03
1.353104e+03 -2.158904e+03
1.356171e+03 -2.162969e+03
1.357875e+03 -2.168374e+03
1.359573e+03 -2.173762e+03
1.361435e+03 -2.177792e+03
1.364305e+03 -2.183151e+03
1.365985e+03 -2.188493e+03
1.368839e+03 -2.193818e+03
1.368155e+03 -2.199126e+03
1.368818e+03 -2.203097e+03
1.369969e+03 -2.212326e+03
1.370456e+03 -2.217577e+03
1.370942e+03 -2.222812e+03
1.369094e+03 -2.228031e+03
1.367252e+03 -2.233234e+03
1.366410e+03 -2.239714e+03
1.364912e+03 -2.242300e+03
1.361593e+03 -2.250032e+03
1.357460e+03 -2.255167e+03
1.355650e+03 -2.260287e+03
1.352531e+03 -2.266664e+03
1.349584e+03 -2.271748e+03
1.346645e+03 -2.276817e+03
1.342568e+03 -2.281871e+03
1.339650e+03 -2.286909e+03
1.335750e+03 -2.290677e+03
1.332696e+03 -2.296939e+03
1.330795e+03 -2.303177e+03
1.329052e+03 -2.308150e+03
1.327314e+03 -2.313109e+03
1.324445e+03 -2.318052e+03
1.322719e+03 -2.322981e+03
1.321983e+03 -2.329120e+03
1.317862e+03 -2.335238e+03
1.316155e+03 -2.340115e+03
1.313327e+03 -2.344977e+03
1.312898e+03 -2.348615e+03
1.310922e+03 -2.355865e+03
1.308116e+03 -2.360681e+03
1.305179e+03 -2.366680e+03
1.302390e+03 -2.371464e+03
1.301702e+03 -2.377423e+03
1.300744e+03 -2.385730e+03
1.301309e+03 -2.390457e+03
1.301462e+03 -2.398696e+03
1.301887e+03 -2.404555e+03
1.303551e+03 -2.409227e+03
1.305209e+03 -2.413885e+03
1.308101e+03 -2.417370e+03
1.309749e+03 -2.422004e+03
1.313726e+03 -2.425471e+03
1.315641e+03 -2.427778e+03
1.315897e+03 -2.434679e+03
1.318758e+03 -2.438118e+03
1.321613e+03 -2.441550e+03
1.324605e+03 -2.443834e+03
1.328683e+03 -2.446114e+03
1.332901e+03 -2.447252e+03
1.337116e+03 -2.448390e+03
1.342566e+03 -2.448390e+03
1.349106e+03 -2.448389e+03
1.353466e+03 -2.448389e+03
1.357826e+03 -2.448388e+03
1.363277e+03 -2.448388e+03
1.369817e+03 -2.448387e+03
1.374177e+03 -2.448387e+03
1.378537e+03 -2.448387e+03
1.383988e+03 -2.448386e+03
1.388017e+03 -2.450660e+03
1.392041e+03 -2.452930e+03
1.396058e+03 -2.455197e+03
1.399152e+03 -2.456329e+03
1.404589e+03 -2.456329e+03
1.410025e+03 -2.456328e+03
1.414375e+03 -2.456328e+03
1.417637e+03 -2.456328e+03
1.424160e+03 -2.456327e+03
1.428510e+03 -2.456327e+03
1.432859e+03 -2.456326e+03
1.438295e+03 -2.456326e+03
1.442460e+03 -2.457457e+03
1.447522e+03 -2.459718e+03
1.451866e+03 -2.459717e+03
1.456211e+03 -2.459717e+03
1.459851e+03 -2.457456e+03
1.463881e+03 -2.452924e+03
1.467923e+03 -2.448379e+03
1.471584e+03 -2.446102e+03
1.476343e+03 -2.443821e+03
1.480709e+03 -2.443820e+03
1.486369e+03 -2.442678e+03
1.491829e+03 -2.442678e+03
1.497289e+03 -2.442678e+03
1.502750e+03 -2.442677e+03
1.506026e+03 -2.442677e+03
1.512578e+03 -2.442676e+03
1.516946e+03 -2.442676e+03
1.522855e+03 -2.446098e+03
1.526787e+03 -2.448375e+03
1.529624e+03 -2.450649e+03
1.533545e+03 -2.452919e+03
1.536373e+03 -2.455186e+03
1.540064e+03 -2.458581e+03
1.543527e+03 -2.463096e+03
1.544812e+03 -2.467598e+03
1.545012e+03 -2.472088e+03
1.544131e+03 -2.476564e+03
1.543253e+03 -2.481028e+03
1.541940e+03 -2.487700e+03
1.540850e+03 -2.493238e+03
1.539764e+03 -2.498756e+03
1.537612e+03 -2.504255e+03
1.535681e+03 -2.508640e+03
1.534610e+03 -2.514103e+03
1.533542e+03 -2.519548e+03
1.532479e+03 -2.524973e+03
1.535029e+03 -2.528219e+03
1.537789e+03 -2.530379e+03
1.541390e+03 -2.533613e+03
1.542865e+03 -2.536841e+03
1.545179e+03 -2.541133e+03
1.545374e+03 -2.545414e+03
1.547894e+03 -2.548617e+03
1.550409e+03 -2.551813e+03
1.552702e+03 -2.556064e+03
1.553936e+03 -2.560303e+03
1.555385e+03 -2.563475e+03
1.557662e+03 -2.567694e+03
1.561418e+03 -2.569798e+03
1.565169e+03 -2.571900e+03
1.568915e+03 -2.573999e+03
1.571165e+03 -2.578188e+03
1.575122e+03 -2.579234e+03
1.578627e+03 -2.582366e+03
1.582576e+03 -2.583408e+03
1.586749e+03 -2.583408e+03
1.590466e+03 -2.585491e+03
1.594407e+03 -2.586531e+03
1.598114e+03 -2.588610e+03
1.602625e+03 -2.591723e+03
1.606553e+03 -2.592759e+03
1.607593e+03 -2.592759e+03
1.621243e+03 -2.608441e+03
1.623422e+03 -2.614811e+03
1.628370e+03 -2.617987e+03
1.633206e+03 -2.622741e+03
1.636745e+03 -2.627484e+03
1.638993e+03 -2.632214e+03
1.641128e+03 -2.638503e+03
1.643147e+03 -2.646334e+03
1.645267e+03 -2.652574e+03
1.647379e+03 -2.658794e+03
1.646943e+03 -2.664993e+03
1.642701e+03 -2.671171e+03
1.639846e+03 -2.675791e+03
1.636894e+03 -2.681932e+03
1.633952e+03 -2.688053e+03
1.629960e+03 -2.691106e+03
1.625777e+03 -2.697197e+03
1.621705e+03 -2.701751e+03
1.617644e+03 -2.706295e+03
1.613592e+03 -2.710827e+03
1.610804e+03 -2.715347e+03
1.605610e+03 -2.718355e+03
1.600424e+03 -2.721357e+03
1.595246e+03 -2.724355e+03
1.591075e+03 -2.731827e+03
1.589494e+03 -2.737782e+03
1.589162e+03 -2.743717e+03
1.588667e+03 -2.752584e+03
1.587018e+03 -2.759939e+03
1.586611e+03 -2.767264e+03
1.583740e+03 -2.774560e+03
1.580959e+03 -2.780375e+03
1.578265e+03 -2.784723e+03
1.573121e+03 -2.789062e+03
1.570442e+03 -2.793389e+03
1.565249e+03 -2.799143e+03
1.561225e+03 -2.806309e+03
1.557422e+03 -2.809167e+03
1.551053e+03 -2.814870e+03
1.545922e+03 -2.820554e+03
1.540992e+03 -2.821972e+03
1.536007e+03 -2.824805e+03
1.531087e+03 -2.826220e+03
1.524847e+03 -2.830458e+03
1.519886e+03 -2.833277e+03
1.514883e+03 -2.837498e+03
1.509892e+03 -2.841708e+03
1.504913e+03 -2.845908e+03
1.502359e+03 -2.850098e+03
1.497401e+03 -2.854278e+03
1.491292e+03 -2.857060e+03
1.486357e+03 -2.861223e+03
1.481471e+03 -2.863993e+03
1.477794e+03 -2.866759e+03
1.474054e+03 -2.872277e+03
1.470326e+03 -2.877777e+03
1.467806e+03 -2.883260e+03
1.461684e+03 -2.890090e+03
1.458023e+03 -2.894175e+03
1.447252e+03 -2.896893e+03
1.436348e+03 -2.910417e+03
1.432582e+03 -2.926507e+03
1.432376e+03 -2.942445e+03
1.442950e+03 -2.942445e+03
1.458060e+03 -2.950357e+03
1.491531e+03 -2.967376e+03
1.528041e+03 -2.986801e+03
1.556511e+03 -2.997069e+03
1.586262e+03 -3.002179e+03
1.614511e+03 -3.011085e+03
1.640313e+03 -3.019944e+03
1.660777e+03 -3.036272e+03
1.675952e+03 -3.058617e+03
1.682814e+03 -3.083094e+03
1.687006e+03 -3.110793e+03
1.675047e+03 -3.132145e+03
1.652710e+03 -3.147391e+03
1.623578e+03 -3.153217e+03
1.602253e+03 -3.159021e+03
1.576545e+03 -3.165959e+03
1.550949e+03 -3.172867e+03
1.536999e+03 -3.190002e+03
1.520092e+03 -3.203578e+03
1.510278e+03 -3.232593e+03
1.518512e+03 -3.266491e+03
1.521590e+03 -3.293294e+03
1.530683e+03 -3.323805e+03
1.546602e+03 -3.338316e+03
1.566439e+03 -3.353709e+03
1.586477e+03 -3.362869e+03
1.608445e+03 -3.371973e+03
1.630570e+03 -3.364895e+03
1.655045e+03 -3.355746e+03
1.678139e+03 -3.351662e+03
1.692394e+03 -3.353705e+03
1.706304e+03 -3.358801e+03
1.726110e+03 -3.365906e+03
1.747920e+03 -3.381018e+03
1.776402e+03 -3.390011e+03
1.809228e+03 -3.402906e+03
1.840048e+03 -3.413729e+03
1.882259e+03 -3.433204e+03
